Reseting...
Reset finished
Set Offsets
Set OK
-0  -0  -0  0  0  0  0  0  0  0  
-0  -0  -0  0  0  0  0  0  0  0  
0.0780667  2.3699  -3.77295  16.1482  -10.1432  0  77  37  57  57  
0.0780667  2.3699  -3.77295  1.16962  -0.734671  0  58.9043  55.0957  56.5651  57.4349  
0.0780667  2.3699  -3.77295  1.2828  -0.805768  0  59.0886  54.9114  56.523  57.477  
0.0921139  2.36243  -3.78722  1.45706  -0.844892  0  59.302  54.698  56.3878  57.6122  
0.148072  2.36058  -3.78837  1.51853  -0.937728  0  59.4563  54.5437  56.4192  57.5808  
0.224408  2.34408  -3.78292  1.60425  -0.945305  0  59.5495  54.4505  56.3411  57.6589  
0.307368  2.32039  -3.77057  1.68668  -0.980236  0  59.6669  54.3331  56.2936  57.7064  
0.307235  2.29933  -3.79848  1.96865  -1.05449  0  60.0231  53.9769  56.0858  57.9142  
0.230996  2.30178  -3.83191  2.11406  -1.21823  0  60.3323  53.6677  56.1042  57.8958  
0.0967489  2.2783  -3.80822  1.99389  -1.17696  0  60.1708  53.8292  56.1831  57.8169  
-0.0157662  2.26805  -3.79899  2.16341  -1.29532  0  60.4587  53.5413  56.1319  57.8681  
-0.0725125  2.24194  -3.80488  2.33947  -1.29267  0  60.6321  53.3679  55.9532  58.0468  
0.067185  2.19529  -3.87051  2.71098  -1.26466  0  60.9756  53.0244  55.5537  58.4463  
0.283339  2.11088  -3.97955  3.03128  -1.15588  0  61.1872  52.8128  55.1246  58.8754  
0.504281  1.96272  -4.10182  3.2378  -0.922691  0  61.1605  52.8395  54.6849  59.3151  
0.567611  1.68656  -4.31851  3.79919  -0.392245  0  61.1914  52.8086  53.5931  60.4069  
0.37179  1.49073  -4.36366  3.25524  -0.70935  0  60.9646  53.0354  54.4541  59.5459  
0.0703744  1.29925  -4.35263  3.15836  -0.717853  0  60.8762  53.1238  54.5595  59.4405  
-0.136749  1.19511  -4.33642  3.2637  -1.07705  0  61.3408  52.6592  54.8134  59.1866  
-0.509754  0.970905  -4.27036  3.17585  -0.56984  0  60.7457  53.2543  54.394  59.606  
-0.716888  0.859637  -4.2693  3.56369  -1.01957  0  61.5833  52.4167  54.4559  59.5441  
-1.05207  0.710177  -4.16331  3.24236  -0.850737  0  61.0931  52.9069  54.6084  59.3916  
-1.35136  0.579665  -4.04416  3.28124  -0.911293  0  61.1925  52.8075  54.63  59.37  
-1.59166  0.52366  -3.93861  3.42746  -1.21103  0  61.6385  52.3615  54.7836  59.2164  
-1.79598  0.506827  -3.75617  3.18695  -1.37872  0  61.5657  52.4343  55.1918  58.8082  
-1.95745  0.515489  -3.54534  3.12701  -1.49832  0  61.6253  52.3747  55.3713  58.6287  
-2.13998  0.542801  -3.20817  2.63364  -1.59604  0  61.2297  52.7703  55.9624  58.0376  
-2.32403  0.544825  -2.71056  1.94877  -1.51174  0  60.4605  53.5395  56.563  57.437  
-2.49483  0.541951  -2.07317  1.29251  -1.50768  0  59.8002  54.1998  57.2152  56.7848  
-2.68029  0.520756  -1.32416  0.698521  -1.44472  0  59.1432  54.8568  57.7462  56.2538  
-2.86601  0.487177  -0.456573  0.0209915  -1.40141  0  58.4224  55.5776  58.3804  55.6196  
-3.02442  0.481295  0.586445  -0.959074  -1.52516  0  57.5661  56.4339  59.4842  54.5158  
-3.18867  0.372636  1.6967  -1.55651  -1.09807  0  56.5416  57.4584  59.6546  54.3454  
-3.35704  0.209703  2.87532  -2.21084  -0.846533  0  55.6357  58.3643  60.0574  53.9426  
-3.54442  0.0729342  3.9778  -2.30128  -0.919185  0  55.6179  58.3821  60.2205  53.7795  
-3.69022  -0.158912  5.14709  -3.01523  -0.476147  0  54.4609  59.5391  60.4914  53.5086  
-3.86251  -0.347727  6.14975  -2.78388  -0.590637  0  54.8068  59.1932  60.3745  53.6255  
-3.99302  -0.607277  6.9536  -2.39817  -0.224592  0  54.8264  59.1736  59.6228  54.3772  
-4.097  -0.916833  7.58068  -2.07533  0.0803299  0  54.8443  59.1557  58.995  55.005  
-4.22302  -1.18776  8.03343  -1.73216  0.0291775  0  55.2387  58.7613  58.703  55.297  
-4.28813  -1.51833  8.30114  -1.30801  0.395958  0  55.296  58.704  57.912  56.088  
-4.36568  -1.80545  8.31812  -0.558818  0.348078  0  56.0931  57.9069  57.2107  56.7893  
-4.43139  -2.00593  8.12029  0.106208  0.11179  0  56.9944  57.0056  56.782  57.218  
-4.48281  -2.17414  7.67786  0.96494  0.0900445  0  57.8749  56.1251  55.945  58.055  
-4.53559  -2.26654  7.10504  1.41652  -0.122143  0  58.5387  55.4613  55.7056  58.2944  
-4.5882  -2.30374  6.39455  1.953  -0.264488  0  59.2175  54.7825  55.3115  58.6885  
-4.63884  -2.29226  5.54542  2.55346  -0.393351  0  59.9468  54.0532  54.8399  59.1601  
-4.68213  -2.17042  4.58944  3.08219  -0.800108  0  60.8823  53.1177  54.7179  59.2821  
-4.72177  -1.9512  3.49773  3.7931  -1.18592  0  61.979  52.021  54.3928  59.6072  
-73.4352  -1.68526  2.39984  4.02029  -1.38873  0  62.409  51.591  54.3684  59.6316  
-73.4643  -1.27829  1.31535  4.19834  -2.01622  0  63.2146  50.7854  54.8179  59.1821  
-73.5028  -0.898753  0.350205  3.95176  -1.97443  0  62.9262  51.0738  55.0227  58.9773  
-73.4978  -0.494837  -0.482962  3.64662  -2.15807  0  62.8047  51.1953  55.5115  58.4885  
-73.5064  -0.0725341  -1.25882  3.64914  -2.33502  0  62.9842  51.0158  55.6859  58.3141  
-73.4936  0.308009  -1.83891  3.06622  -2.27236  0  62.3386  51.6614  56.2061  57.7939  
-73.4746  0.628424  -2.31541  2.84047  -2.1308  0  61.9713  52.0287  56.2903  57.7097  
-73.4506  0.94205  -2.59611  2.20533  -2.21031  0  61.4156  52.5844  57.005  56.995  
-73.4325  1.15948  -2.78304  1.96048  -1.91468  0  60.8752  53.1248  56.9542  57.0458  
-73.3985  1.30149  -2.76437  1.21631  -1.68753  0  59.9038  54.0962  57.4712  56.5288  
-73.3938  1.3772  -2.65543  0.907687  -1.48257  0  59.3903  54.6097  57.5749  56.4251  
-73.3581  1.37163  -2.38019  0.245076  -1.19722  0  58.4423  55.5577  57.9521  56.0479  
-73.3431  1.33466  -2.05009  0.00460802  -1.10242  0  58.107  55.893  58.0978  55.9022  
-73.3152  1.2684  -1.64576  -0.344029  -1.00676  0  57.6627  56.3373  58.3508  55.6492  
-73.2821  1.19845  -1.16597  -0.73083  -1.01043  0  57.2796  56.7204  58.7413  55.2587  
-73.2486  1.11626  -0.669308  -0.902399  -0.974423  0  57.072  56.928  58.8768  55.1232  
-73.199  1.03853  -0.178389  -0.996807  -1.00402  0  57.0072  56.9928  59.0008  54.9992  
-73.1528  0.975228  0.305556  -1.09906  -1.07512  0  56.9761  57.0239  59.1742  54.8258  
-73.111  0.886675  0.718365  -0.939275  -0.97859  0  57.0393  56.9607  58.9179  55.0821  
-73.0625  0.798105  1.06126  -0.777188  -0.980325  0  57.2031  56.7969  58.7575  55.2425  
-73.0029  0.684307  1.33297  -0.600348  -0.871492  0  57.2711  56.7289  58.4718  55.5282  
-72.942  0.561514  1.47616  -0.16635  -0.821662  0  57.6553  56.3447  57.988  56.012  
-72.8807  0.446922  1.57325  -0.0534505  -0.839224  0  57.7858  56.2142  57.8927  56.1073  
-72.8033  0.308388  1.60911  0.134248  -0.71807  0  57.8523  56.1477  57.5838  56.4162  
-72.7471  0.201853  1.49515  0.717197  -0.825494  0  58.5427  55.4573  57.1083  56.8917  
-72.6555  0.0440918  1.40413  0.606052  -0.582469  0  58.1885  55.8115  56.9764  57.0236  
-72.5844  -0.0597836  1.14496  1.30906  -0.77025  0  59.0793  54.9207  56.4612  57.5388  
-72.4844  -0.180672  0.873522  1.39982  -0.666554  0  59.0664  54.9336  56.2667  57.7333  
-72.3947  -0.315296  0.549286  1.67558  -0.568501  0  59.2441  54.7559  55.8929  58.1071  
-72.3144  -0.42876  0.171827  1.97769  -0.611908  0  59.5896  54.4104  55.6342  58.3658  
-72.201  -0.625667  -0.127291  1.74292  -0.210139  0  58.9531  55.0469  55.4672  58.5328  
-72.1084  -0.770625  -0.474476  2.03622  -0.358579  0  59.3948  54.6052  55.3224  58.6776  
-71.9952  -0.946133  -0.75649  1.86873  -0.164117  0  59.0328  54.9672  55.2954  58.7046  
-71.8878  -1.13741  -0.945612  1.57281  -0.0190921  0  58.5919  55.4081  55.4463  58.5537  
-71.7705  -1.28536  -1.11122  1.55348  -0.11687  0  58.6704  55.3296  55.5634  58.4366  
-71.6366  -1.47286  -1.11472  0.939386  0.132413  0  57.807  56.193  55.9282  58.0718  
-71.5073  -1.58149  -1.09556  0.876821  -0.108479  0  57.9853  56.0147  56.2317  57.7683  
-71.3714  -1.73595  -0.988397  0.527662  0.165524  0  57.3621  56.6379  56.3068  57.6932  
-71.2085  -1.89128  -0.79504  0.158401  0.264607  0  56.8938  57.1062  56.577  57.423  
-71.0511  -2.06304  -0.613496  0.178674  0.435142  0  56.7435  57.2565  56.3862  57.6138  
-70.886  -2.24647  -0.354069  -0.187096  0.59504  0  56.2179  57.7821  56.5921  57.4079  
-70.6953  -2.39349  -0.119699  -0.141867  0.558024  0  56.3001  57.6999  56.5838  57.4162  
-70.5144  -2.57001  0.0850148  -0.0769735  0.797224  0  56.1258  57.8742  56.2798  57.7202  
-70.313  -2.70743  0.309235  -0.220331  0.756383  0  56.0233  57.9767  56.4639  57.5361  
-70.117  -2.8384  0.452444  0.0543406  0.84849  0  56.2058  57.7942  56.0972  57.9028  
-69.9172  -2.92977  0.589286  0.0279169  0.800829  0  56.2271  57.7729  56.1713  57.8287  
-69.6848  -2.95651  0.635417  0.360167  0.637686  0  56.7225  57.2775  56.0021  57.9979  
-69.4739  -2.9819  0.60545  0.653886  0.728093  0  56.9258  57.0742  55.618  58.382  
-69.2356  -2.95192  0.520884  0.877802  0.587685  0  57.2901  56.7099  55.5345  58.4655  
-68.9944  -2.8936  0.320248  1.38263  0.546551  0  57.8361  56.1639  55.0708  58.9292  
-68.7693  -2.80086  0.0922272  1.54641  0.469685  0  58.0767  55.9233  54.9839  59.0161  
-68.5105  -2.66756  -0.208677  1.91943  0.354187  0  58.5652  55.4348  54.7264  59.2736  
-68.2555  -2.50641  -0.541082  2.14477  0.277682  0  58.8671  55.1329  54.5775  59.4225  
-67.9808  -2.30974  -0.91625  2.4371  0.155682  0  59.2814  54.7186  54.4072  59.5928  
-67.5643  -1.95522  -1.46794  3.32515  -0.505641  0  60.8308  53.1692  54.1805  59.8195  
-67.2734  -1.69551  -1.83377  2.72818  -0.140483  0  59.8687  54.1313  54.4123  59.5877  
-66.9549  -1.436  -2.14042  2.63232  -0.161477  0  59.7938  54.2062  54.5292  59.4708  
-66.659  -1.13478  -2.41213  2.63288  -0.369556  0  60.0024  53.9976  54.7367  59.2633  
-66.4901  -1.01848  -2.46571  1.84771  0.371565  0  58.4762  55.5238  54.7807  59.2193  
-66.1612  -0.762709  -2.55874  2.10551  -0.227364  0  59.3329  54.6671  55.1218  58.8782  
-65.9908  -0.605501  -2.5615  1.82197  0.145752  0  58.6762  55.3238  55.0323  58.9677  
-65.6519  -0.381523  -2.51856  1.70403  -0.16588  0  58.8699  55.1301  55.4619  58.5381  
-65.3125  -0.132379  -2.38623  1.38495  -0.324857  0  58.7098  55.2902  55.9399  58.0601  
-64.9662  0.00470725  -2.16955  1.05846  0.0889625  0  57.9695  56.0305  55.8526  58.1474  
-64.6268  0.120765  -1.91817  0.914369  0.14044  0  57.7739  56.2261  55.9452  58.0548  
-64.2668  0.222285  -1.60317  0.629225  0.166538  0  57.4627  56.5373  56.2042  57.7958  
-63.937  0.259383  -1.31397  0.69956  0.407173  0  57.2924  56.7076  55.8933  58.1067  
-63.5726  0.288198  -1.02278  0.64946  0.424456  0  57.225  56.775  55.9261  58.0739  
-63.2121  0.316611  -0.741433  0.640758  0.409461  0  57.2313  56.7687  55.9498  58.0502  
-62.8576  0.33255  -0.477136  0.657196  0.445397  0  57.2118  56.7882  55.8974  58.1026  
-62.4818  0.33794  -0.179504  0.454829  0.476105  0  56.9787  57.0213  56.0691  57.9309  
-62.1309  0.334648  0.0137836  0.823474  0.501619  0  57.3219  56.6781  55.6749  58.3251  
-61.749  0.348263  0.248959  0.589658  0.42014  0  57.1695  56.8305  55.9902  58.0098  
-61.3669  0.34163  0.438563  0.711388  0.492538  0  57.2188  56.7812  55.7961  58.2039  
-60.9941  0.345129  0.5442  1.00452  0.440783  0  57.5637  56.4363  55.5547  58.4453  
-60.5866  0.322293  0.682391  0.819287  0.542164  0  57.2771  56.7229  55.6385  58.3615  
-60.2018  0.372045  0.725011  1.16916  0.228211  0  57.941  56.059  55.6026  58.3974  
-59.7884  0.398757  0.793975  1.02273  0.301733  0  57.721  56.279  55.6755  58.3245  
-59.3784  0.447597  0.810724  1.20308  0.187579  0  58.0155  55.9845  55.6093  58.3907  
-58.9684  0.504238  0.799327  1.29453  0.12709  0  58.1674  55.8326  55.5784  58.4216  
-58.5429  0.556009  0.8248  1.11594  0.116949  0  57.999  56.001  55.7671  58.2329  
-58.1052  0.628471  0.813186  1.2428  -0.00278892  0  58.2456  55.7544  55.76  58.24  
-57.6732  0.650529  0.805298  1.20571  0.173801  0  58.0319  55.9681  55.6205  58.3795  
-57.2255  0.673197  0.781526  1.25174  0.145496  0  58.1062  55.8938  55.6028  58.3972  
-56.7717  0.705216  0.754735  1.24787  0.0789289  0  58.1689  55.8311  55.6732  58.3268  
-56.3273  0.72795  0.715001  1.28812  0.0885512  0  58.1996  55.8004  55.6233  58.3767  
-55.8579  0.762491  0.697101  1.18435  0.00980883  0  58.1745  55.8255  55.8058  58.1942  
-55.3919  0.806349  0.676037  1.18199  -0.062612  0  58.2446  55.7554  55.8806  58.1194  
-54.9199  0.862016  0.692318  1.00777  -0.149624  0  58.1574  55.8426  56.1419  57.8581  
-54.4327  0.898542  0.760977  0.758265  -0.109148  0  57.8674  56.1326  56.3509  57.6491  
-53.9701  0.913852  0.794978  0.864551  -0.0555292  0  57.9201  56.0799  56.191  57.809  
-53.4704  0.891927  0.919176  0.445132  0.0721351  0  57.373  56.627  56.4827  57.5173  
-52.9924  0.898947  0.987364  0.622511  -0.0723689  0  57.6949  56.3051  56.4499  57.5501  
-52.4897  0.882292  1.13687  0.225748  2.90692e-05  0  57.2257  56.7743  56.7742  57.2258  
-51.9837  0.838879  1.2961  0.108166  0.0927447  0  57.0154  56.9846  56.7991  57.2009  
-51.5033  0.865208  1.44243  0.0799042  -0.218761  0  57.2987  56.7013  57.1389  56.8611  
-50.9947  0.844731  1.67376  -0.368123  -0.0517575  0  56.6836  57.3164  57.4199  56.5801  
-50.5087  0.923553  1.79678  -0.0195419  -0.496369  0  57.4768  56.5232  57.5159  56.4841  
-49.9977  0.983669  1.9791  -0.361699  -0.466084  0  57.1044  56.8956  57.8278  56.1722  
-49.4993  1.04706  2.12328  -0.308902  -0.526454  0  57.2176  56.7824  57.8354  56.1646  
-49.0111  1.15497  2.25612  -0.364404  -0.766139  0  57.4017  56.5983  58.1305  55.8695  
-48.5158  1.20005  2.42815  -0.637045  -0.562108  0  56.9251  57.0749  58.1992  55.8008  
-48.037  1.34939  2.45452  -0.134626  -1.05693  0  57.9223  56.0777  58.1916  55.8084  
-47.5287  1.43509  2.50444  -0.316426  -0.866862  0  57.5504  56.4496  58.1833  55.8167  
-47.0348  1.53071  2.44366  0.0682188  -0.976406  0  58.0446  55.9554  57.9082  56.0918  
-46.5462  1.62207  2.31964  0.282662  -1.03082  0  58.3135  55.6865  57.7482  56.2518  
-46.0397  1.61162  2.18201  0.306008  -0.669324  0  57.9753  56.0247  57.3633  56.6367  
-45.5567  1.63712  1.90135  0.891229  -0.868636  0  58.7599  55.2401  56.9774  57.0226  
-45.0256  1.52112  1.68296  0.646312  -0.31926  0  57.9656  56.0344  56.6729  57.3271  
-44.5183  1.39201  1.36333  1.09025  -0.276278  0  58.3665  55.6335  56.186  57.814  
-43.9894  1.20828  1.06136  1.06328  -0.0481663  0  58.1114  55.8886  55.9849  58.0151  
-43.4571  0.955658  0.757335  1.12476  0.26193  0  57.8628  56.1372  55.6133  58.3867  
-42.9455  0.714058  0.401131  1.4105  0.256808  0  58.1537  55.8463  55.3327  58.6673  
-42.394  0.37928  0.124581  1.15729  0.701837  0  57.4555  56.5445  55.1409  58.8591  
-41.8556  0.099544  -0.201562  1.44324  0.548614  0  57.8946  56.1054  55.0081  58.9919  
-41.3032  -0.205525  -0.466145  1.27713  0.732379  0  57.5448  56.4552  54.9905  59.0095  
-40.739  -0.52127  -0.685967  1.17363  0.86966  0  57.304  56.696  54.9567  59.0433  
-40.1754  -0.775235  -0.894193  1.20612  0.709289  0  57.4968  56.5032  55.0846  58.9154  
-39.5859  -1.08498  -0.992612  0.821281  1.0424  0  56.7789  57.2211  55.1363  58.8637  
-39.009  -1.28733  -1.0793  0.828401  0.70201  0  57.1264  56.8736  55.4696  58.5304  
-38.4202  -1.50319  -1.06452  0.450781  0.855128  0  56.5957  57.4043  55.6941  58.3059  
-37.8218  -1.70152  -1.0118  0.316191  0.885643  0  56.4305  57.5695  55.7982  58.2018  
-37.193  -1.89759  -0.874682  -0.0294517  0.982515  0  55.988  58.012  56.0469  57.9531  
-36.574  -2.08111  -0.70252  -0.191586  1.04067  0  55.7677  58.2323  56.1509  57.8491  
-35.9319  -2.21415  -0.519459  -0.265361  0.938413  0  55.7962  58.2038  56.327  57.673  
-35.2951  -2.39747  -0.28562  -0.518368  1.25727  0  55.2244  58.7756  56.2611  57.7389  
-34.6475  -2.49542  -0.104248  -0.350709  1.01515  0  55.6341  58.3659  56.3356  57.6644  
-33.9923  -2.59749  0.0984716  -0.489739  1.13508  0  55.3752  58.6248  56.3547  57.6453  
-33.3377  -2.6919  0.260116  -0.37365  1.20881  0  55.4175  58.5825  56.1648  57.8352  
-32.6637  -2.71037  0.394024  -0.308003  0.990968  0  55.701  58.299  56.317  57.683  
-32  -2.70143  0.46259  -0.0776577  0.960141  0  55.9622  58.0378  56.1175  57.8825  
-31.3072  -2.61008  0.474591  0.131367  0.68594  0  56.4454  57.5546  56.1827  57.8173  
-30.6175  -2.44329  0.44809  0.278559  0.415803  0  56.8628  57.1372  56.3056  57.6944  
-29.9163  -2.23809  0.328824  0.66957  0.278001  0  57.3916  56.6084  56.0524  57.9476  
-29.1947  -1.96824  0.203001  0.721164  0.0109794  0  57.7102  56.2898  56.2679  57.7321  
-28.4893  -1.69802  -0.0197359  1.1651  -0.00707898  0  58.1722  55.8278  55.842  58.158  
-27.7574  -1.42402  -0.243773  1.23362  -0.0480039  0  58.2816  55.7184  55.8144  58.1856  
-27.0304  -1.17207  -0.54069  1.61559  0.0123552  0  58.6032  55.3968  55.3721  58.6279  
-26.2923  -0.946632  -0.867539  1.84305  0.0904592  0  58.7526  55.2474  55.0665  58.9335  
-25.5393  -0.730228  -1.17673  1.88501  0.0944006  0  58.7906  55.2094  55.0206  58.9794  
-24.788  -0.597721  -1.5493  2.27818  0.41479  0  58.8634  55.1366  54.307  59.693  
-24.0234  -0.474156  -1.83866  2.07283  0.433892  0  58.6389  55.3611  54.4933  59.5067  
-23.2659  -0.392605  -2.15181  2.31079  0.593341  0  58.7174  55.2826  54.0959  59.9041  
-22.4964  -0.359345  -2.42494  2.29181  0.78897  0  58.5028  55.4972  53.9192  60.0808  
-21.7214  -0.339138  -2.6506  2.2378  0.846302  0  58.3915  55.6085  53.9159  60.0841  
-20.5692  -0.322091  -2.96607  2.76491  0.864342  0  58.9006  55.0994  53.3708  60.6292  
-19.7891  -0.347339  -3.05705  1.98144  1.05026  0  57.9312  56.0688  53.9683  60.0317  
-19.4063  -0.351662  -3.0904  1.85191  0.978189  0  57.8737  56.1263  54.1699  59.8301  
-18.6268  -0.369182  -3.06618  1.70761  1.04643  0  57.6612  56.3388  54.246  59.754  
-18.2364  -0.358644  -3.01904  1.69468  0.942325  0  57.7524  56.2476  54.363  59.637  
-17.4495  -0.368676  -2.90158  1.4711  1.03817  0  57.4329  56.5671  54.4907  59.5093  
-16.6681  -0.330881  -2.66418  1.01192  0.847343  0  57.1646  56.8354  55.1407  58.8593  
-15.8809  -0.289844  -2.37805  0.816832  0.832807  0  56.984  57.016  55.3504  58.6496  
-15.0946  -0.240204  -2.02151  0.506667  0.793194  0  56.7135  57.2865  55.7001  58.2999  
-13.5536  -0.152718  -1.14511  -1.75751  0.62452  0  54.618  59.382  58.133  55.867  
-12.7776  -0.0511813  -0.674346  -0.23244  0.544467  0  56.2231  57.7769  56.688  57.312  
-12.0173  0.000364144  -0.203917  -0.342578  0.731536  0  55.9259  58.0741  56.611  57.389  
-11.2513  0.128452  0.265668  -0.464568  0.389489  0  56.1459  57.8541  57.0751  56.9249  
-10.4732  0.278744  0.713881  -0.51255  0.25474  0  56.2327  57.7673  57.2578  56.7422  
-9.7103  0.397897  1.10081  -0.397176  0.33757  0  56.2653  57.7347  57.0596  56.9404  
-8.93472  0.566383  1.46144  -0.425981  0.0811232  0  56.4929  57.5071  57.3449  56.6551  
-8.17436  0.726115  1.71389  -0.107758  0.0544252  0  56.8378  57.1622  57.0533  56.9467  
-7.41385  0.889  1.85906  0.229266  -0.025579  0  57.2548  56.7452  56.7963  57.2037  
-6.63959  1.07125  1.94689  0.378243  -0.180735  0  57.559  56.441  56.8025  57.1975  
-5.89354  1.25824  1.95595  0.63241  -0.28421  0  57.9166  56.0834  56.6518  57.3482  
-5.12589  1.46283  1.89307  0.879078  -0.449603  0  58.3287  55.6713  56.5705  57.4295  
-4.37007  1.6569  1.70828  1.3617  -0.505769  0  58.8675  55.1325  56.1441  57.8559  
-3.61382  1.87079  1.48683  1.51906  -0.694655  0  59.2137  54.7863  56.1756  57.8244  
-2.85566  2.07599  1.2134  1.75895  -0.773453  0  59.5324  54.4676  56.0145  57.9855  
-2.10984  2.28506  0.902681  1.95872  -0.909768  0  59.8685  54.1315  55.951  58.049  
-1.35  2.46885  0.637776  1.82254  -0.928685  0  59.7512  54.2488  56.1061  57.8939  
-0.589177  2.58615  0.377091  1.85953  -0.769612  0  59.6291  54.3709  55.9101  58.0899  
0.156739  2.68639  0.178233  1.65658  -0.807007  0  59.4636  54.5364  56.1504  57.8496  
0.922045  2.70063  0.0622233  1.35232  -0.547607  0  58.8999  55.1001  56.1953  57.8047  
1.66524  2.68625  -0.00406075  1.17012  -0.510111  0  58.6802  55.3198  56.34  57.66  
2.43356  2.63188  0.0560545  0.647808  -0.415493  0  58.0633  55.9367  56.7677  57.2323  
3.18651  2.54511  0.181148  0.351188  -0.340575  0  57.6918  56.3082  56.9894  57.0106  
3.93104  2.43505  0.392412  -0.0580831  -0.29297  0  57.2349  56.7651  57.3511  56.6489  
4.6893  2.26736  0.663314  -0.384262  -0.0885276  0  56.7043  57.2957  57.4728  56.5272  
5.42133  2.03967  0.92594  -0.444591  0.147195  0  56.4082  57.5918  57.2974  56.7026  
6.18053  1.76066  1.34107  -1.19861  0.369414  0  55.432  58.568  57.8292  56.1708  
6.91462  1.4647  1.74055  -1.28813  0.467262  0  55.2446  58.7554  57.8209  56.1791  
