Reseting...
Reset finished
Set Offsets
Set OK
-0  -0  -0  0  0  0  0  0  0  0  
-0  0  -0  0  0  0  0  0  0  0  
0.00529148  0.468586  -1.29399  5.5383  -2.00555  0  64.5438  49.4562  53.4672  60.5328  
0.00529148  0.468586  -1.29399  0.401139  -0.145262  0  57.5464  56.4536  56.7441  57.2559  
0.00529148  0.468586  -1.29399  0.439958  -0.159319  0  57.5993  56.4007  56.7194  57.2806  
0.019308  0.468426  -1.30105  0.508957  -0.172694  0  57.6817  56.3183  56.6637  57.3363  
0.0752882  0.467786  -1.30827  0.550695  -0.184644  0  57.7353  56.2647  56.6339  57.3661  
0.138046  0.453088  -1.30151  0.532141  -0.138333  0  57.6705  56.3295  56.6062  57.3938  
0.137967  0.446095  -1.3015  0.598171  -0.180783  0  57.779  56.221  56.5826  57.4174  
0.0820162  0.439721  -1.32226  0.7261  -0.19486  0  57.921  56.079  56.4688  57.5312  
0.019096  0.433447  -1.35  0.801427  -0.206698  0  58.0081  55.9919  56.4053  57.5947  
-0.0648867  0.427446  -1.35668  0.759584  -0.219108  0  57.9787  56.0213  56.4595  57.5405  
-0.0788543  0.420636  -1.3846  0.893096  -0.226791  0  58.1199  55.8801  56.3337  57.6663  
0.0327647  0.384302  -1.42696  1.00423  -0.11114  0  58.1154  55.8846  56.1069  57.8931  
0.116494  0.362253  -1.4482  0.968499  -0.173639  0  58.1421  55.8579  56.2051  57.7949  
0.29786  0.303803  -1.53264  1.28838  -0.0225321  0  58.3109  55.6891  55.7342  58.2658  
0.359981  0.232845  -1.58853  1.23583  0.038252  0  58.1976  55.8024  55.7259  58.2741  
0.386975  0.148034  -1.73517  1.68752  0.110428  0  58.5771  55.4229  55.2021  58.7979  
0.266798  0.0584776  -1.92363  1.95963  0.150042  0  58.8096  55.1904  54.8903  59.1097  
0.0554191  -0.0290244  -2.15438  2.25111  0.164571  0  59.0865  54.9135  54.5843  59.4157  
-0.191121  -0.107992  -2.3645  2.29208  0.153417  0  59.1387  54.8613  54.5545  59.4455  
-0.431185  -0.200349  -2.5329  2.24328  0.236069  0  59.0072  54.9928  54.5207  59.4793  
-0.615171  -0.272198  -2.72956  2.48736  0.180173  0  59.3072  54.6928  54.3325  59.6675  
-0.741062  -0.269107  -2.74383  1.84366  -0.112293  0  58.956  55.044  55.2686  58.7314  
-0.810421  -0.239065  -2.79972  2.10812  -0.220434  0  59.3286  54.6714  55.1123  58.8877  
-0.821938  -0.14134  -2.72912  1.66639  -0.511356  0  59.1777  54.8223  55.845  58.155  
-0.844986  0.0683695  -2.6297  1.60517  -1.01377  0  59.6189  54.3811  56.4086  57.5914  
-0.825267  0.339433  -2.44579  1.29459  -1.33714  0  59.6317  54.3683  57.0425  56.9575  
-0.832795  0.667721  -2.35248  1.7042  -1.66814  0  60.3723  53.6277  56.9639  57.0361  
-0.805966  1.06418  -2.10508  1.08917  -2.07186  0  60.161  53.839  57.9827  56.0173  
-0.807037  1.53147  -1.90595  1.28965  -2.51795  0  60.8076  53.1924  58.2283  55.7717  
-0.796912  1.91478  -1.71468  1.32471  -2.33531  0  60.66  53.34  58.0106  55.9894  
-0.789802  2.21387  -1.48889  1.17487  -2.1396  0  60.3145  53.6855  57.9647  56.0353  
-0.813159  2.3944  -1.2633  1.15717  -1.78237  0  59.9395  54.0605  57.6252  56.3748  
-0.819548  2.45506  -0.933935  0.68771  -1.39166  0  59.0794  54.9206  57.7039  56.2961  
-0.847438  2.41784  -0.618749  0.684208  -1.0634  0  58.7476  55.2524  57.3792  56.6208  
-0.875366  2.30371  -0.304216  0.617316  -0.796288  0  58.4136  55.5864  57.179  56.821  
-0.88867  2.19641  0.0100393  0.53956  -0.862711  0  58.4023  55.5977  57.3232  56.6768  
-0.888099  2.08862  0.365968  0.272907  -0.89647  0  58.1694  55.8306  57.6236  56.3764  
-0.886834  1.93191  0.73549  0.104087  -0.719561  0  57.8237  56.1763  57.6155  56.3845  
-0.849082  1.80389  1.05568  0.189685  -0.856446  0  58.0461  55.9539  57.6668  56.3332  
-0.829755  1.5079  1.38899  0.0122486  -0.155797  0  57.168  56.832  57.1435  56.8565  
-0.774522  1.25442  1.73626  -0.182546  -0.300083  0  57.1175  56.8825  57.4826  56.5174  
-0.722249  0.847147  2.1179  -0.478949  0.391477  0  56.1296  57.8704  57.0875  56.9125  
-0.694147  0.390583  2.50655  -0.679328  0.691069  0  55.6296  58.3704  56.9883  57.0117  
-0.649229  -0.0580304  2.83266  -0.595709  0.773158  0  55.6311  58.3689  56.8226  57.1774  
-0.607069  -0.583035  3.0748  -0.4126  1.22747  0  55.3599  58.6401  56.1851  57.8149  
-0.544157  -1.0303  3.29713  -0.487835  1.05925  0  55.4529  58.5471  56.4286  57.5714  
-0.507182  -1.51975  3.44233  -0.318907  1.39593  0  55.2852  58.7148  55.923  58.077  
-0.422259  -2.0141  3.44883  0.130778  1.59952  0  55.5313  58.4687  55.2697  58.7303  
-0.347069  -2.48046  3.36504  0.411979  1.67857  0  55.7334  58.2666  54.9094  59.0906  
-61.8615  -2.87361  3.22989  0.554302  1.57027  0  55.984  58.016  54.8754  59.1246  
-61.7693  -3.12677  3.00579  0.87595  1.16736  0  56.7086  57.2914  54.9567  59.0433  
-61.6912  -3.38692  2.65577  1.38745  1.36197  0  57.0255  56.9745  54.2506  59.7494  
-61.6161  -3.50127  2.23825  1.69469  0.912402  0  57.7823  56.2177  54.3929  59.6071  
-61.547  -3.51352  1.70273  2.24946  0.612453  0  58.637  55.363  54.1381  59.8619  
-61.5117  -3.47533  1.10717  2.60534  0.50545  0  59.0999  54.9001  53.8892  60.1108  
-61.4336  -3.32348  0.458377  2.96671  0.112514  0  59.8542  54.1458  53.9208  60.0792  
-61.4279  -3.17053  -0.223721  3.27716  0.165  0  60.1122  53.8878  53.5578  60.4422  
-61.3533  -2.90898  -0.896125  3.43337  -0.247513  0  60.6809  53.3191  53.8141  60.1859  
-61.2587  -2.62673  -1.52286  3.45308  -0.322059  0  60.7751  53.2249  53.869  60.131  
-61.164  -2.33112  -2.13337  3.60478  -0.379503  0  60.9843  53.0157  53.7747  60.2253  
-61.05  -2.0771  -2.66211  3.48973  -0.214303  0  60.704  53.296  53.7246  60.2754  
-60.8849  -1.81382  -3.08632  3.27031  -0.262775  0  60.5331  53.4669  53.9925  60.0075  
-60.7622  -1.51685  -3.40297  3.02129  -0.426244  0  60.4475  53.5525  54.405  59.595  
-60.6127  -1.29914  -3.48998  2.22917  -0.124678  0  59.3538  54.6462  54.8955  59.1045  
-60.4374  -1.02685  -3.46377  1.87369  -0.380243  0  59.2539  54.7461  55.5066  58.4934  
-60.2774  -0.802831  -3.15957  0.780443  -0.219106  0  57.9995  56.0005  56.4387  57.5613  
-60.14  -0.599076  -2.70696  0.154833  -0.171005  0  57.3258  56.6742  57.0162  56.9838  
-59.9566  -0.383766  -2.07863  -0.642754  -0.259542  0  56.6168  57.3832  57.9023  56.0977  
-59.807  -0.185313  -1.38948  -1.01663  -0.236167  0  56.2195  57.7805  58.2528  55.7472  
-59.6167  -0.0488219  -0.576112  -1.69955  -0.020974  0  55.3214  58.6786  58.7205  55.2795  
-59.4475  0.134561  0.229853  -1.87833  -0.258424  0  55.3801  58.6199  59.1368  54.8632  
-59.2998  0.285446  1.03975  -2.12774  -0.174719  0  55.047  58.953  59.3025  54.6975  
-59.1001  0.374172  1.83633  -2.3287  0.0405116  0  54.6308  59.3692  59.2882  54.7118  
-58.9231  0.491838  2.41473  -1.67302  -0.119421  0  55.4464  58.5536  58.7924  55.2076  
-58.6956  0.531879  2.97943  -1.84876  0.165111  0  54.9861  59.0139  58.6836  55.3164  
-58.5021  0.603846  3.2886  -1.00263  0.00130381  0  55.9961  58.0039  58.0013  55.9987  
-58.5955  0.648654  3.47619  -0.667456  0.0792723  0  56.2533  57.7467  57.5882  56.4118  
-58.3639  0.655687  3.47491  -0.0159399  0.208948  0  56.7751  57.2249  56.807  57.193  
-58.1518  0.735526  3.29825  0.630834  -0.124303  0  57.7551  56.2449  56.4935  57.5065  
-57.9116  0.837796  3.03774  0.940227  -0.264726  0  58.205  55.795  56.3245  57.6755  
-57.6674  0.985348  2.63447  1.53304  -0.512305  0  59.0453  54.9547  55.9793  58.0207  
-57.3905  1.1537  2.14658  1.92907  -0.672193  0  59.6013  54.3987  55.7431  58.2569  
-57.1115  1.31517  1.60763  2.21985  -0.724522  0  59.9444  54.0556  55.5047  58.4953  
-56.844  1.48963  1.06865  2.32264  -0.864761  0  60.1874  53.8126  55.5421  58.4579  
-56.556  1.67389  0.53513  2.41814  -1.00025  0  60.4184  53.5816  55.5821  58.4179  
-56.2581  1.82927  0.0499239  2.34468  -0.978439  0  60.3231  53.6769  55.6338  58.3662  
-56.101  1.9308  -0.366173  2.18325  -0.84634  0  60.0296  53.9704  55.6631  58.3369  
-55.773  1.99957  -0.683035  1.88603  -0.79249  0  59.6785  54.3215  55.9065  58.0935  
-55.4624  2.03643  -0.897341  1.55629  -0.735173  0  59.2915  54.7085  56.1789  57.8211  
-55.2707  2.02012  -0.947936  0.942537  -0.579017  0  58.5216  55.4784  56.6365  57.3635  
-54.9308  1.95396  -0.907958  0.597492  -0.421686  0  58.0192  55.9808  56.8242  57.1758  
-54.7431  1.8564  -0.756054  0.134491  -0.327379  0  57.4619  56.5381  57.1929  56.8071  
-54.375  1.65143  -0.551452  -0.11091  0.103955  0  56.7851  57.2149  57.007  56.993  
-54.0159  1.4134  -0.339459  -0.183287  0.253302  0  56.5634  57.4366  56.93  57.07  
-53.6974  1.04504  -0.0511481  -0.559101  0.835358  0  55.6055  58.3945  56.7237  57.2763  
-53.3111  0.70348  0.188777  -0.431205  0.792434  0  55.7764  58.2236  56.6388  57.3612  
-53.0702  0.275498  0.434645  -0.529477  1.23686  0  55.2337  58.7663  56.2926  57.7074  
-52.6552  -0.18198  0.620115  -0.352862  1.47467  0  55.1725  58.8275  55.8782  58.1218  
-52.0124  -0.84334  0.771525  -0.277619  2.48084  0  54.2415  59.7585  54.7968  59.2032  
-51.5678  -1.29671  0.802947  0.170392  1.80114  0  55.3693  58.6307  55.0285  58.9715  
-51.1187  -1.65766  0.742498  0.530712  1.5714  0  55.9593  58.0407  54.8979  59.1021  
-50.9331  -2.0116  0.661275  0.614272  1.6922  0  55.9221  58.0779  54.6935  59.3065  
-50.7025  -2.10276  0.582807  0.605387  0.726961  0  56.8784  57.1216  55.6677  58.3323  
-50.227  -2.23729  0.372812  1.17281  1.00118  0  57.1716  56.8284  54.826  59.174  
-50.0446  -2.29332  0.249586  0.849055  0.770004  0  57.0791  56.9209  55.3809  58.6191  
-49.5617  -2.29115  -0.00997106  1.45956  0.605399  0  57.8542  56.1458  54.935  59.065  
-49.0606  -2.15587  -0.330332  1.79278  0.1038  0  58.689  55.311  55.1034  58.8966  
-48.5799  -2.02137  -0.605323  1.69821  0.13393  0  58.5643  55.4357  55.1679  58.8321  
-48.0602  -1.7098  -0.92318  1.97683  -0.600918  0  59.5777  54.4223  55.6241  58.3759  
-47.5406  -1.37896  -1.17294  1.80206  -0.719393  0  59.5215  54.4785  55.9173  58.0827  
-46.9932  -0.948039  -1.38075  1.72765  -1.19895  0  59.9266  54.0734  56.4713  57.5287  
-46.4248  -0.530525  -1.51367  1.50676  -1.23381  0  59.7406  54.2594  56.727  57.273  
-45.8646  -0.107547  -1.59481  1.3677  -1.35818  0  59.7259  54.2741  56.9905  57.0095  
-45.2847  0.30893  -1.57641  1.01228  -1.44556  0  59.4578  54.5422  57.4333  56.5667  
-44.7189  0.666801  -1.51069  0.85187  -1.32061  0  59.1725  54.8275  57.4687  56.5313  
-44.1331  0.957058  -1.35551  0.495904  -1.15143  0  58.6473  55.3527  57.6555  56.3445  
-43.5388  1.18266  -1.16972  0.362121  -0.98471  0  58.3468  55.6532  57.6226  56.3774  
-42.9497  1.29436  -1.01663  0.485148  -0.595832  0  58.081  55.919  57.1107  56.8893  
-42.3208  1.30432  -0.792677  0.169481  -0.23051  0  57.4  56.6  57.061  56.939  
-41.7229  1.19868  -0.651007  0.482727  0.222378  0  57.2603  56.7397  56.2949  57.7051  
-41.0903  0.974089  -0.486479  0.364753  0.725067  0  56.6397  57.3603  55.9102  58.0898  
-40.4727  0.652941  -0.355677  0.47763  1.17201  0  56.3056  57.6944  55.3504  58.6496  
-39.861  0.268054  -0.267356  0.633492  1.51514  0  56.1184  57.8816  54.8514  59.1486  
-39.2315  -0.204314  -0.176768  0.607086  1.98929  0  55.6178  58.3822  54.4036  59.5964  
-38.6173  -0.71195  -0.167911  0.936828  2.27862  0  55.6582  58.3418  53.7845  60.2155  
-37.9746  -1.29886  -0.180621  1.03169  2.78142  0  55.2503  58.7497  53.1869  60.8131  
-37.3377  -1.89676  -0.264332  1.34455  3.03174  0  55.3128  58.6872  52.6237  61.3763  
-36.6682  -2.47601  -0.444721  1.78971  3.17627  0  55.6134  58.3866  52.034  61.966  
-36.0245  -3.06616  -0.614592  1.80854  3.45936  0  55.3492  58.6508  51.7321  62.2679  
-35.3428  -3.54076  -0.893335  2.34051  3.22203  0  56.1185  57.8815  51.4375  62.5625  
-34.6768  -4.00437  -1.11862  2.21657  3.41412  0  55.8025  58.1975  51.3693  62.6307  
-34.0347  -4.35421  -1.38443  2.48664  3.17713  0  56.3095  57.6905  51.3362  62.6638  
-33.356  -4.52422  -1.64829  2.59427  2.63603  0  56.9582  57.0418  51.7697  62.2303  
-32.6963  -4.53689  -1.88579  2.60473  2.14596  0  57.4588  56.5412  52.2493  61.7507  
-32.0301  -4.42356  -2.06394  2.47386  1.7463  0  57.7276  56.2724  52.7798  61.2202  
-31.3251  -4.09342  -2.14389  2.16532  0.919345  0  58.246  55.754  53.9153  60.0847  
-30.6374  -3.6212  -2.16756  2.01113  0.341609  0  58.6695  55.3305  54.6473  59.3527  
-29.9208  -2.98595  -2.05088  1.48213  -0.37973  0  58.8619  55.1381  55.8976  58.1024  
-29.1975  -2.24018  -1.86309  1.20661  -0.94107  0  59.1477  54.8523  56.7345  57.2655  
-28.4842  -1.39706  -1.68973  1.27169  -1.49933  0  59.771  54.229  57.2276  56.7724  
-27.7528  -0.562058  -1.39966  0.774324  -1.65876  0  59.4331  54.5669  57.8844  56.1156  
-27.0441  0.307899  -1.04101  0.441543  -2.0253  0  59.4668  54.5332  58.5838  55.4162  
-26.3154  1.18576  -0.67822  0.354663  -2.31195  0  59.6666  54.3334  58.9573  55.0427  
-25.587  1.96833  -0.234478  -0.0730504  -2.18547  0  59.1124  54.8876  59.2585  54.7415  
-24.8815  2.75889  0.157378  0.0318073  -2.49786  0  59.5297  54.4703  59.4661  54.5339  
-24.149  3.42026  0.631656  -0.435404  -2.24903  0  58.8136  55.1864  59.6844  54.3156  
-23.427  3.96874  1.05186  -0.35569  -2.05366  0  58.698  55.302  59.4093  54.5907  
-22.696  4.43245  1.48962  -0.580093  -1.96347  0  58.3834  55.6166  59.5436  54.4564  
-21.9784  4.75731  1.89407  -0.604744  -1.632  0  58.0273  55.9727  59.2367  54.7633  
-21.3013  4.97206  2.22495  -0.459963  -1.39441  0  57.9345  56.0655  58.8544  55.1456  
-20.576  5.0277  2.51412  -0.440818  -0.922758  0  57.4819  56.5181  58.3636  55.6364  
-19.8391  4.96013  2.75848  -0.405413  -0.561776  0  57.1564  56.8436  57.9672  56.0328  
-19.328  4.75897  2.90575  -0.141076  -0.119932  0  56.9789  57.0211  57.261  56.739  
-18.602  4.4282  3.10182  -0.478312  0.348395  0  56.1733  57.8267  57.1299  56.8701  
-17.8916  4.05605  3.21775  -0.283318  0.485241  0  56.2314  57.7686  56.7981  57.2019  
-17.1806  3.60875  3.33406  -0.413873  0.789402  0  55.7967  58.2033  56.6245  57.3755  
-16.4617  3.19266  3.44564  -0.526271  0.672831  0  55.8009  58.1991  56.8534  57.1466  
-15.6703  2.75638  3.47997  -0.330198  0.779967  0  55.8898  58.1102  56.5502  57.4498  
-14.9753  2.36894  3.56469  -0.659941  0.610363  0  55.7297  58.2703  57.0496  56.9504  
-14.3083  2.0302  3.6042  -0.597083  0.439371  0  55.9635  58.0365  57.1577  56.8423  
-13.6437  1.74923  3.64067  -0.703215  0.226035  0  56.0707  57.9293  57.4772  56.5228  
-12.9816  1.5555  3.59902  -0.488341  -0.121104  0  56.6328  57.3672  57.6094  56.3906  
-12.3046  1.38535  3.4704  -0.212431  -0.214495  0  57.0021  56.9979  57.4269  56.5731  
-11.6598  1.29857  3.33215  -0.239254  -0.565229  0  57.326  56.674  57.8045  56.1955  
-11.1074  1.241  3.14303  -0.0828195  -0.704893  0  57.6221  56.3779  57.7877  56.2123  
-10.4863  1.23086  2.97214  -0.202197  -0.92904  0  57.7268  56.2732  58.1312  55.8688  
-9.86514  1.22946  2.76018  -0.0677144  -1.0005  0  57.9328  56.0672  58.0682  55.9318  
-8.99262  1.24207  2.58863  -0.264126  -1.09697  0  57.8328  56.1672  58.3611  55.6389  
-8.39384  1.21643  2.44593  -0.417232  -0.974037  0  57.5568  56.4432  58.3913  55.6087  
-7.78045  1.11798  2.32668  -0.551037  -0.691753  0  57.1407  56.8593  58.2428  55.7572  
-7.17916  0.95034  2.16918  -0.42369  -0.401559  0  56.9779  57.0221  57.8252  56.1748  
-6.57042  0.676155  2.01463  -0.457346  0.0728673  0  56.4698  57.5302  57.3845  56.6155  
-5.80677  0.325988  1.85847  -0.467572  0.454559  0  56.0779  57.9221  57.013  56.987  
-5.20404  -0.147365  1.70177  -0.477337  1.07006  0  55.4526  58.5474  56.4073  57.5927  
-4.46807  -0.725629  1.55366  -0.521249  1.65604  0  54.8227  59.1773  55.8652  58.1348  
-3.87402  -1.35509  1.36799  -0.365619  2.05886  0  54.5755  59.4245  55.3068  58.6932  
-3.27298  -2.05807  1.24988  -0.643845  2.59039  0  53.7658  60.2342  55.0535  58.9465  
-2.3819  -2.74355  1.04863  -0.29245  2.77408  0  53.9335  60.0665  54.5184  59.4816  
-1.78675  -3.41376  0.863549  -0.336742  2.98297  0  53.6803  60.3197  54.3538  59.6462  
-1.01115  -4.04292  0.699198  -0.399552  3.09734  0  53.5031  60.4969  54.3022  59.6978  
-0.450296  -4.60526  0.464882  -0.0750629  3.10882  0  53.8161  60.1839  53.9662  60.0338  
0.132652  -5.08614  0.306941  -0.35028  3.05579  0  53.5939  60.4061  54.2945  59.7055  
0.76766  -5.45017  0.0925578  -0.0736974  2.84287  0  54.0834  59.9166  54.2308  59.7692  
1.31457  -5.62659  -0.0404494  -0.364735  2.30534  0  54.3299  59.6701  55.0594  58.9406  
2.1993  -5.6434  -0.136736  -0.483441  1.84042  0  54.6761  59.3239  55.643  58.357  
2.74448  -5.49127  -0.162553  -0.75399  1.29136  0  54.9546  59.0454  56.4626  57.5374  
3.8337  -4.92225  -0.241431  -0.514787  -0.370778  0  56.856  57.144  57.8856  56.1144  
4.36527  -4.35123  -0.275375  -0.677772  -0.391021  0  56.7132  57.2868  58.0688  55.9312  
4.85873  -3.68632  -0.410887  -0.225295  -0.822202  0  57.5969  56.4031  58.0475  55.9525  
5.74038  -2.92561  -0.518803  -0.29314  -1.30781  0  58.0147  55.9853  58.6009  55.3991  
5.99191  -2.49142  -0.626212  -0.249524  -0.0355138  0  56.786  57.214  57.285  56.715  
6.47497  -1.58705  -0.933117  0.653178  -2.09476  0  59.7479  54.2521  58.4416  55.5584  
7.05132  -1.14175  -1.12805  0.287876  -0.335531  0  57.6234  56.3766  57.0477  56.9523  
7.54221  -0.273326  -1.59421  1.53714  -2.23692  0  60.7741  53.2259  57.6998  56.3002  
8.0507  0.665241  -2.20661  2.34138  -2.77211  0  62.1135  51.8865  57.4307  56.5693  
8.88404  1.51698  -2.87534  2.82017  -2.68325  0  62.5034  51.4966  56.8631  57.1369  
